# 한국 ETF 티커 목록 (#으로 시작하는 줄은 주석).
# seed_etf.py가 이 파일을 읽어 Neon에 백필.
433500
091180
091220
091230
098560
101280
102960
105190
117460
117680
130680
132030
138910
139220
139230
139240
139250
139260
139270
139280
139320
140700
140710
143850
143860
144600
157490
157500
160580
174360
192090
195930
195980
200250
203780
219390
219480
228790
228800
228810
232080
237350
238720
241180
244580
245350
245710
250730
251350
256440
256750
261070
261220
266360
266370
266410
269420
271060
275980
277630
280930
283580
284980
292190
300610
307510
307520
309230
314250
360750
364960
364970
364980
364990
365000
367380
367760
367770
371160
371450
371460
371470
377990
381170
381180
385710
385720
387280
388420
390390
394660
394670
395150
395160
395270
395290
396500
396510
396520
399110
400970
401170
401470
402970
411060
411420
411860
412770
413220
414270
414780
415340
415760
415920
416090
417450
417630
418670
419430
419650
422420
426020
428510
429000
433330
434730
438900
440910
441540
441640
441680
441800
442320
444200
444490
445150
445290
446720
446770
448290
448300
449180
449450
449780
451060
452360
453330
453640
453650
453810
453870
453950
455850
455860
456250
456600
457480
457990
458730
458750
458760
459750
459790
460660
461340
461950
462900
463050
463250
463640
463680
464310
464610
464920
465330
465580
465660
465670
466810
466920
466930
466950
469050
469070
469150
471760
471780
471990
472160
473460
473590
473640
474220
474590
475050
475300
475310
475350
476070
476260
476690
476850
478150
479620
479730
479850
480020
480030
480040
480310
481180
481190
482730
483020
483030
483280
483290
483320
483330
483340
483570
485540
485690
486240
486290
486450
487230
487240
488500
489250
489290
490090
490480
490590
490600
491010
491090
491620
491820
491830
493420
493810
494210
494220
494300
494340
494420
494670
494840
495060
496080
496770
497570
497780
498050
498270
